-316,0810639337	
-335,2939265535
-312,2273255217
-303,2052966447	
-302,3790641256	
-321,3032661989	
-312,7309166442	
-310,4977147438	
-306,4609437029	
-286,1063812992

0.02
0.0166666667
0.0142857143
0.0125
0.0111111111
0.01
0.0090909091
0.0083333333
0.0076923077
0.0071428571


14.5	
24.4	
33	
40.7	
50.4	

6534.33405221
6717.71409787
6820.7019108
7163.97368661
7220.26879175

14.5
24.4
32.5
38.1
48.2

104.99 
108.94 
111.74 
113.64 
115.59 

64.54
66.94
67.09
69.69
71.49

43.04
44.44
45.24
47.29
47.54
