0.0095248245
0.0109183643
0.0123932921
0.0139491782
0.0154945526
0.017024519
0.0185739615
0.0201050243
0.0216502651
0.0232348427

0.009179465
0.0105386504
0.0119134402
0.0134338524
0.0149390165
0.0164368762
0.0179730657
0.0194784411
0.0209254004
0.0225028524

0.0089494419
0.0103854227
0.0117111363
0.0131339062
0.0149056152
0.0162499078
0.0174706635
0.0191795706
0.0206233146
0.0221049135

0.0087998105
0.010132861
0.0114759427
0.012905089
0.0143495059
0.0158884476
0.0172002142
0.0186432172
0.0199645387
0.0211466515

0.0086513564
0.0099612695
0.0112184579
0.0126041718
0.013988203
0.0154347639
0.0168665889
0.0182352605
0.0196313967
0.0210354442
